
#---------------------------------------------------------------------#
Solução:

Matriz Hessiana possui (40, 40)
✅ Todas as condições de KKT foram satisfeitas.

P_GT02 = 0.0204425712435723
P_GT03 = 3.02920367320510
P_GT01 = 2.32035375555132
theta_B02 = -1.07079632679490
theta_B03 = -1.57079632679490
lambda1 = 29.5058250700030
lambda2 = 11.2556740652965
lambda3 = 47.0101024645368
pi_up1 = 1.00000000000000E-10
pi_up2 = 1.00000000000000E-10
pi_up3 = 1.00000000000000E-10
pi_up4 = 1.00000000000000E-10
pi_up5 = 1.00000000000000E-10
pi_up6 = 67.6921926574767
pi_up7 = 1.00000000000000E-10
pi_up8 = 1.00000000000000E-10
pi_dn1 = 1.00000000000000E-10
pi_dn2 = 1.00000000000000E-10
pi_dn3 = 1.00000000000000E-10
pi_dn4 = 1.00000000000000E-10
pi_dn5 = 1.00000000000000E-10
pi_dn6 = 1.00000000000000E-10
pi_dn7 = 1.00000000000000E-10
pi_dn8 = 4.72917169123925
s1 = 0.423846958774626
s2 = 1.24481220622085
s3 = 0.922386213467491
s4 = 0.347048370178528
s5 = -0.655136377562034
s6 = 6.53608434010586E-156
s7 = 1.62529771229452
s8 = 1.77245385090552
s9 = 1.52327074269525
s10 = 0.142977520063723
s11 = 1.74046076462674
s12 = 1.27261833585582
s13 = 1.88965508143547
s14 = 0.632455532033676
s15 = 0.707106781186548
s16 = 5.49609042771378E-20
Iterações = 42

FOB cubica= 604774.92

C.O. = 4410.20

#=====================================================================#
