
#---------------------------------------------------------------------#
Solução:

Matriz Hessiana possui (40, 40)
✅ Todas as condições de KKT foram satisfeitas.

P_GT02 = 0.170830816041522
P_GT03 = 3.24404402291644
P_GT01 = 1.95512516104203
theta_B02 = -0.855955977083545
theta_B03 = -1.35595597708355
lambda1 = 6263.25292587978
lambda2 = 347.158742350436
lambda3 = 10404.5188543503
pi_up1 = 1.00000000000000E-15
pi_up2 = 1.00000000000000E-15
pi_up3 = 1.00000000000000E-15
pi_up4 = 1.00000000000000E-15
pi_up5 = 1.00000000000000E-15
pi_up6 = 20410.5249331762
pi_up7 = 1.00000000000000E-15
pi_up8 = 1.00000000000000E-15
pi_dn1 = 1.00000000000000E-15
pi_dn2 = 1.00000000000000E-15
pi_dn3 = 1.00000000000000E-15
pi_dn4 = 1.00000000000000E-15
pi_dn5 = 1.00000000000000E-15
pi_dn6 = 1.00000000000000E-15
pi_dn7 = 1.00000000000000E-15
pi_dn8 = 1.00000000000000E-15
s1 = 0.738156378390085
s2 = 1.18286482066147
s3 = 0.797468480307251
s4 = 0.520414081325168
s5 = 0.802523534182299
s6 = 2.03322799281783E-15
s7 = 1.55780367950472
s8 = 1.71077535166908
s9 = 1.39825790219188
s10 = 0.413316847033269
s11 = 1.80112298939202
s12 = 1.21209289411269
s13 = 1.83192684818023
s14 = 0.632455532033679
s15 = 0.845482317799345
s16 = -0.463508737470335
Iterações = 186

FOB cubica= 20957.67

C.O. = 17014.93

#=====================================================================#
