
#---------------------------------------------------------------------#
Solução:

Matriz Hessiana possui (40, 40)
✅ Todas as condições de KKT foram satisfeitas.

P_GT02 = 0.0441288131560090
P_GT03 = 3.06304116152007
P_GT01 = 2.26283002532392
theta_B02 = -1.03695883838659
theta_B03 = -1.53695883845315
lambda1 = 63.3947952443415
lambda2 = 11.7141509182785
lambda3 = 99.5712462726311
pi_up1 = 2.39703400039184E-13
pi_up2 = 1.00000000000000E-15
pi_up3 = 1.20504108067741E-13
pi_up4 = 3.22123856977002E-13
pi_up5 = 4.25374421596044E-14
pi_up6 = 178.298222924964
pi_up7 = 5.50343045211545E-14
pi_up8 = 5.51825531289569E-14
pi_dn1 = 6.43136980500811E-14
pi_dn2 = 6.28903910438819E-13
pi_dn3 = 5.16990989461479E-14
pi_dn4 = 7.10249070102881E-14
pi_dn5 = 5.12236116131485E-14
pi_dn6 = 1.79960235820544E-13
pi_dn7 = 1.53835088027699E-13
pi_dn8 = 4.54108106677952E-11
s1 = 0.487001000699535
s2 = -1.23526158641178
s3 = 0.903857753458967
s4 = 0.379643007494583
s5 = 0.680471279007326
s6 = 1.22216645411245E-13
s7 = 1.61485453375464
s8 = 1.76288262946021
s9 = 1.50427059578007
s10 = 0.210068591601216
s11 = 1.75015461074886
s12 = 1.26327795313494
s13 = 1.88068041901263
s14 = 0.632455532060414
s15 = 0.730641833196901
s16 = -0.183949689751024
Iterações = 133

FOB cubica= 2127067.54

C.O. = 17627.33

#=====================================================================#
