
#---------------------------------------------------------------------#
Solução:

Matriz Hessiana possui (40, 40)
✅ Todas as condições de KKT foram satisfeitas.

P_GT02 = 0.0204425712435723
P_GT03 = 3.02920367320510
P_GT01 = 2.32035375555132
theta_B02 = -1.07079632679490
theta_B03 = -1.57079632679490
lambda1 = 1386.53768370644
lambda2 = 50.5075854136857
lambda3 = 2973.15870354374
pi_up1 = 1.00000000000000E-15
pi_up2 = 1.00000000000000E-15
pi_up3 = 1.00000000000000E-15
pi_up4 = 1.00000000000000E-15
pi_up5 = 1.00000000000000E-15
pi_up6 = 5260.70379014236
pi_up7 = 1.00000000000000E-15
pi_up8 = 1.00000000000000E-15
pi_dn1 = 1.00000000000000E-15
pi_dn2 = 1.00000000000000E-15
pi_dn3 = 1.00000000000000E-15
pi_dn4 = 1.00000000000000E-15
pi_dn5 = 1.00000000000000E-15
pi_dn6 = 1.00000000000000E-15
pi_dn7 = 1.00000000000000E-15
pi_dn8 = 651.399951032376
s1 = 0.423846958758319
s2 = 1.24481220622085
s3 = 0.922386213467491
s4 = 0.347048370178528
s5 = 0.655136377562034
s6 = 0
s7 = 1.62529771229452
s8 = 1.77245385090552
s9 = 1.52327074269525
s10 = 0.142977520066602
s11 = 1.74046076462674
s12 = 1.27261833585582
s13 = 1.88965508143547
s14 = 0.632455532033676
s15 = 0.707106781186548
s16 = 0
Iterações = 28

FOB cubica= 6047.75

C.O.2 = 4410.20

C.O.3 = 6047.75

#=====================================================================#
