
#---------------------------------------------------------------------#
Solução:

Matriz Hessiana possui (40, 40)
✅ Todas as condições de KKT foram satisfeitas.

P_GT02 = 0.0441288131039069
P_GT03 = 3.06304116156122
P_GT01 = 2.26283002533487
theta_B02 = -1.03695883842731
theta_B03 = -1.53695883843487
lambda1 = 63.3947952444869
lambda2 = 11.7141509171227
lambda3 = 99.5712462735962
pi_up1 = 1.00000000000000E-10
pi_up2 = 1.00000000000000E-10
pi_up3 = 1.00000000000000E-10
pi_up4 = 1.00000000000000E-10
pi_up5 = 1.00000000000000E-10
pi_up6 = 178.298222929356
pi_up7 = 1.00000000000000E-10
pi_up8 = 1.00000000000000E-10
pi_dn1 = 1.00000000000000E-10
pi_dn2 = 1.00000000000000E-10
pi_dn3 = 1.00000000000000E-10
pi_dn4 = 1.00000000000000E-10
pi_dn5 = 1.00000000000000E-10
pi_dn6 = 1.00000000000000E-10
pi_dn7 = 1.00000000000000E-10
pi_dn8 = 1.00000000000000E-10
s1 = 0.487001000682029
s2 = 1.23526158642693
s3 = 0.903857753433910
s4 = 0.379643007445721
s5 = 0.680471279014449
s6 = -9.86410520315798E-13
s7 = 1.61485453376537
s8 = 1.76288262945729
s9 = 1.50427059578274
s10 = 0.210068591440405
s11 = 1.75015461075969
s12 = 1.26327795314372
s13 = 1.88068041901088
s14 = 0.632455532037172
s15 = 0.730641833165792
s16 = 0.183949689751332
Iterações = 125

FOB cubica= 2127067.54

C.O. = 17627.33

#=====================================================================#
