
#---------------------------------------------------------------------#
Solução:

Matriz Hessiana possui (40, 40)
✅ Todas as condições de KKT foram satisfeitas.

P_GT02 = 0.0204425712435799
P_GT03 = 3.02920367320510
P_GT01 = 2.32035375555132
theta_B02 = -1.07079632679489
theta_B03 = -1.57079632679490
lambda1 = 16.2914242461078
lambda2 = 19.3557923540614
lambda3 = 25.7785630317692
pi_up1 = 1.00000000000000E-10
pi_up2 = 1.00000000000000E-10
pi_up3 = 1.00000000000000E-10
pi_up4 = 1.00000000000000E-10
pi_up5 = 1.00000000000000E-10
pi_up6 = 1.06012648878896
pi_up7 = 1.00000000000000E-10
pi_up8 = 1.00000000000000E-10
pi_dn1 = 1.00000000000000E-10
pi_dn2 = 1.00000000000000E-10
pi_dn3 = 1.00000000000000E-10
pi_dn4 = 1.00000000000000E-10
pi_dn5 = 1.00000000000000E-10
pi_dn6 = 1.00000000000000E-10
pi_dn7 = 1.00000000000000E-10
pi_dn8 = 11.6321964612290
s1 = 0.423846958758328
s2 = 1.24481220633675
s3 = 0.922386213467493
s4 = -0.347048370178541
s5 = -0.655136377562034
s6 = 1.64383108408468E-15
s7 = -1.62529771229452
s8 = 1.77245385090552
s9 = 1.52327074269524
s10 = -0.142977520063878
s11 = -1.74046076462674
s12 = 1.27261833585581
s13 = 1.88965508143547
s14 = 0.632455532033679
s15 = -0.707106781186554
s16 = -1.62240895586643E-39
Iterações = 99

FOB quadratica= 17761.10

C.O. = 17761.10

#=====================================================================#
