
#---------------------------------------------------------------------#
Solução:

Matriz Hessiana possui (40, 40)
✅ Todas as condições de KKT foram satisfeitas.

P_GT02 = 0.553743878899246
P_GT03 = 3.79106268414178
P_GT01 = 1.02519343695897
theta_B02 = -0.308937315858220
theta_B03 = -0.808937315858220
lambda1 = 3267.59630811531
lambda2 = 2150.13112746135
lambda3 = 4049.82193457309
pi_up1 = 1.00000000000000E-15
pi_up2 = 1.00000000000000E-15
pi_up3 = 1.00000000000000E-15
pi_up4 = 1.00000000000000E-15
pi_up5 = 1.00000000000000E-15
pi_up6 = 3855.25487325619
pi_up7 = 1.00000000000000E-15
pi_up8 = 1.00000000000000E-15
pi_dn1 = 1.00000000000000E-15
pi_dn2 = 1.00000000000000E-15
pi_dn3 = 1.00000000000000E-15
pi_dn4 = 1.00000000000000E-15
pi_dn5 = 1.00000000000000E-15
pi_dn6 = 1.00000000000000E-15
pi_dn7 = 1.00000000000000E-15
pi_dn8 = 1.00000000000000E-15
s1 = 1.21441614080225
s2 = 1.00809529368143
s3 = 0.298223600438028
s4 = 0.808544296188679
s5 = 1.09135818324773
s6 = -3.82633962315592E-17
s7 = 1.37103378610927
s8 = 1.54263853272668
s9 = 1.01251836376383
s10 = 0.744139690447463
s11 = 1.94706514635278
s12 = 1.04223611581098
s13 = 1.67598845934518
s14 = 0.632455532033676
s15 = 1.12332498010891
s16 = 0.872845353391239
Iterações = 44

FOB quadratica= 16220.92

C.O.2 = 16220.92

C.O.3 = 23543.80

#=====================================================================#
