
#---------------------------------------------------------------------#
Solução:

Matriz Hessiana possui (40, 40)
✅ Todas as condições de KKT foram satisfeitas.

P_GT02 = -3.53263417610054E-19
P_GT03 = 3.03663733547548
P_GT01 = 2.33336266452452
theta_B02 = -1.08938048247088
theta_B03 = -1.57079632679491
lambda1 = 5.40765479431601
lambda2 = 6.83048896409013
lambda3 = 9.32044876119557
pi_up1 = 1.00000000000000E-10
pi_up2 = 1.00000000000000E-10
pi_up3 = 1.00000000000000E-10
pi_up4 = 1.00000000000000E-10
pi_up5 = 1.00000000000000E-10
pi_up6 = 1.00000000000000E-10
pi_up7 = 1.00000000000000E-10
pi_up8 = 1.00000000000000E-10
pi_dn1 = 1.00000000000000E-10
pi_dn2 = 12.5245110359099
pi_dn3 = 1.00000000000000E-10
pi_dn4 = 1.00000000000000E-10
pi_dn5 = 1.00000000000000E-10
pi_dn6 = 1.00000000000000E-10
pi_dn7 = 1.00000000000000E-10
pi_dn8 = 4.90877788572174
s1 = -0.408212365657242
s2 = -1.25299640861417
s3 = 0.918347790613406
s4 = 0.327770746517311
s5 = -0.655136377562028
s6 = -0.0862186886376059
s7 = 1.63100484648752
s8 = 1.77245385090552
s9 = 1.52753483250776
s10 = -1.03822283516365E-18
s11 = 1.74259500041618
s12 = 1.27771919361400
s13 = 1.88965508143548
s14 = 0.626551145342193
s15 = -0.693841368540732
s16 = 2.77797938902033E-14
Iterações = 283

FOB quadratica= 4386.47

C.O. = 4386.47

#=====================================================================#
