
#---------------------------------------------------------------------#
Solução:

Matriz Hessiana possui (40, 40)
✅ Todas as condições de KKT foram satisfeitas.

P_GT02 = 0.0204425712435725
P_GT03 = 3.02920367320510
P_GT01 = 2.32035375555132
theta_B02 = -1.07079632679490
theta_B03 = -1.57079632679490
lambda1 = 16.2914242461078
lambda2 = 19.3557923540614
lambda3 = 25.7785630317692
pi_up1 = 1.00000000000000E-15
pi_up2 = 1.00000000000000E-15
pi_up3 = 1.00000000000000E-15
pi_up4 = 1.00000000000000E-15
pi_up5 = 1.00000000000000E-15
pi_up6 = 1.06012648878896
pi_up7 = 1.00000000000000E-15
pi_up8 = 1.00000000000000E-15
pi_dn1 = 1.00000000000000E-15
pi_dn2 = 1.00000000000000E-15
pi_dn3 = 1.00000000000000E-15
pi_dn4 = 1.00000000000000E-15
pi_dn5 = 1.00000000000000E-15
pi_dn6 = 1.00000000000000E-15
pi_dn7 = 1.00000000000000E-15
pi_dn8 = 11.6321964612290
s1 = 0.423846958758319
s2 = -1.24481220624078
s3 = 0.922386213467491
s4 = 0.347048370178528
s5 = -0.655136377562034
s6 = 4.62236125575544E-17
s7 = -1.62529771229452
s8 = 1.77245385090552
s9 = 1.52327074269525
s10 = 0.142977520063726
s11 = -1.74046076462674
s12 = -1.27261833585582
s13 = 1.88965508143547
s14 = 0.632455532033676
s15 = 0.707106781186548
s16 = -6.52390216473691E-21
Iterações = 34

FOB quadratica= 17761.10

C.O. = 17761.10

#=====================================================================#
