
#---------------------------------------------------------------------#
Solução:

Matriz Hessiana possui (40, 40)
✅ Todas as condições de KKT foram satisfeitas.

P_GT02 = -1.53682058550365E-12
P_GT03 = 3.03663733547477
P_GT01 = 2.33336266452677
theta_B02 = -1.08938048247263
theta_B03 = -1.57079632679590
lambda1 = 5.40765479423361
lambda2 = 6.83048896403785
lambda3 = 9.32044876119534
pi_up1 = 1.00000000000000E-15
pi_up2 = 1.00000000000000E-15
pi_up3 = 1.83370705986535E-14
pi_up4 = 7.64491752152661E-15
pi_up5 = 8.93416218878147E-15
pi_up6 = 2.59481590226679E-13
pi_up7 = 1.00000000000000E-15
pi_up8 = 7.08034628871039E-15
pi_dn1 = 1.00000000000000E-15
pi_dn2 = 12.5245110359616
pi_dn3 = 7.32294642244426E-15
pi_dn4 = 5.59338670895990E-15
pi_dn5 = 6.57070808788505E-15
pi_dn6 = 2.68707852547250E-14
pi_dn7 = 6.70782611054525E-14
pi_dn8 = 4.90877788582463
s1 = 0.408212365659034
s2 = 1.25299640861556
s3 = 0.918347790614347
s4 = -0.327770746514047
s5 = 0.655136377561996
s6 = 0.0862186886470725
s7 = 1.63100484648868
s8 = 1.77245385090609
s9 = 1.52753483250933
s10 = 8.35624733233502E-14
s11 = 1.74259500041618
s12 = 1.27771919361507
s13 = 1.88965508143600
s14 = 0.626551145342628
s15 = 0.693841368270895
s16 = -2.32968334860296E-12
Iterações = 141

FOB quadratica= 4386.47

C.O. = 4386.47

#=====================================================================#
