
#---------------------------------------------------------------------#
Solução:

Matriz Hessiana possui (40, 40)
✅ Todas as condições de KKT foram satisfeitas.

P_GT02 = -9.78779080930707E-17
P_GT03 = 3.03663733547549
P_GT01 = 2.33336266452451
theta_B02 = -1.08938048247087
theta_B03 = -1.57079632679490
lambda1 = 641.297943160106
lambda2 = 778.879640903979
lambda3 = 1019.64761195576
pi_up1 = 1.00000000000000E-15
pi_up2 = 1.00000000000000E-15
pi_up3 = 1.00000000000000E-15
pi_up4 = 3.84871282718600E-15
pi_up5 = 1.00000000000000E-15
pi_up6 = 1.00000000000000E-15
pi_up7 = 1.00000000000000E-15
pi_up8 = 1.00000000000000E-15
pi_dn1 = 1.00000000000000E-15
pi_dn2 = 1156.62035909602
pi_dn3 = 1.00000000000000E-15
pi_dn4 = 1.00000000000000E-15
pi_dn5 = 1.00000000000000E-15
pi_dn6 = 1.00000000000000E-15
pi_dn7 = 1.00000000000000E-15
pi_dn8 = 474.656857216360
s1 = -0.408212365761893
s2 = 1.25299640861417
s3 = 0.918347790613397
s4 = 0.327770746514069
s5 = 0.655136377562033
s6 = 0.0862186886376146
s7 = 1.63100484648752
s8 = 1.77245385090552
s9 = 1.52753483250776
s10 = 4.74792748252445E-18
s11 = 1.74259500041619
s12 = 1.27771919361400
s13 = 1.88965508143547
s14 = 0.626551145342190
s15 = 0.693841368270893
s16 = -2.52307257976136E-17
Iterações = 192

FOB quadratica= 4386.47

C.O.2 = 4386.47

C.O.3 = 6087.34

#=====================================================================#
